33,28
33,27
33,26
33,25
33,24
33,23
33,22
33,21
33,20
33,19
33,18
33,17
33,16
33,15
33,14
33,13
33,12
33,11
33,10
33,9
33,8
33,7
33,6
33,5
33,3
40,35
10,290
10,110
10,108
10,140
10,228
10,284
10,32
11,20
11,14
11,24
11,10
9,6
9,4
8,5
8,17
8,12
8,10
0,318
35,11
35,10
35,9
35,8
35,7
35,6
35,5
35,4
35,3
35,2
35,1
35,0
34,7
34,6
34,5
34,4
34,3
34,2
34,1
34,0
33,96
33,95
33,94
33,93
33,92
33,91
33,90
33,89
33,88
33,87
33,86
33,85
33,84
33,83
33,82
33,81
33,80
33,79
33,78
33,77
33,76
33,75
33,74
33,73
33,72
33,71
33,70
33,69
33,68
33,67
33,66
33,65
33,64
33,39
33,38
33,37
33,36
33,35
33,34
33,1
33,33
33,32
28,5
20,2
28,4
20,1
28,3
20,3
28,1
27,1
27,3
25,4
19,2
25,1
19,1
25,3
19,3
25,2
24,6
24,5
24,4
24,3
24,1
12,3
12,2
